> ./puzzle-a-day.py -p guanglu -s set1 -y 2025 --procs=16

🟫🟫🟫🟫🟫🟫⬛
🟫🟫🟫🟫🟫🟫⬛
🟫🟫🟫🟫🟫🟫🟫
🟫🟫🟫🟫🟫🟫🟫
🟫🟫🟫🟫🟫🟫🟫
🟫🟫🟫🟫🟫🟫🟫
🟫🟫🟫🟫🟫🟫🟫
⬛⬛⬛⬛🟫🟫🟫

🟪🟪⬛ ⬛🟦⬛ 🟩🟩🟩 🟧🟧⬛ 🟨⬛🟨 🟥🟥🟥 🟫⬛⬛ ⬜⬛⬛ 🟪⬛⬛ 🟦🟦⬛
🟪⬛⬛ 🟦🟦⬛ ⬛⬛🟩 ⬛🟧⬛ 🟨🟨🟨 🟥⬛⬛ 🟫🟫⬛ ⬜⬜⬜ 🟪⬛⬛ 🟦🟦⬛
🟪⬛⬛ 🟦⬛⬛ ⬛⬛⬛ ⬛🟧🟧 ⬛⬛⬛ 🟥⬛⬛ ⬛🟫⬛ ⬜⬛⬛ 🟪⬛⬛ 🟦⬛⬛
🟪⬛⬛ 🟦⬛⬛ ⬛⬛⬛ ⬛⬛⬛ ⬛⬛⬛ ⬛⬛⬛ ⬛⬛⬛ ⬛⬛⬛ 🟪⬛⬛ ⬛⬛⬛


January
          1701 5363 1363 3643 1592 
 565 9266 2330 3429 1945 2261 1266 
2115 3870 2157 3274 2160 2034 1981 
1965 6655 2663 7443 2303 2899 1293 
 249 3332 4386 4596 1124 

February
                         3113 1520 
 750 2626 1359 1279 2965 2228 1391 
 805 2647 1161 3352  983 1647 1071 
 780 2375 1250 3102  947 2426 3200 
1051 2850 1260 1882 2898 

March
                          387  704 
 616 2089  619  751 1848 1165  850 
 559 1633  896 2028  435 1394  637 
 502 1511  815 2062  699 1486 2223 
 800 1942  904 1266 1513 1887 1043 
 382 

April
     2493  730 1931 1345 1371  108 
1236 1680 1093 1711 1008 1581 1256 
 889 2614 1163 1734  959 1764 1440 
 668 2781 1891 1839  709 1218  586 
 294 4237 1290 

May
               2519 1357 1669 1057 
 605 2483 2804 1889 1211 1890  985 
 577 4041 1123 2252 1201 2346  850 
 861 2561 1227 2214 1665 2027 1329 
1147 2942 3342 4148 1240 1735 

June
                              1421 
1004 4168 1262 2840  721 7363 1097 
 920 3113 1728 1510 2414 1343 1847 
1119 3920 1387 1927 2044 1191 2214 
1694 4015 2089 3348  713 2387 2614 
 856 

July
     8067  523 2047 1419 1628  566 
1797 2244 1982 1389  984 1771 2218 
 978 2329 1293 2301  953 2302 1620 
 933 2856 2009 2121  859 1457 1068 
 491 5602 1616 2192 

August
                     814 3278 1063 
1402 2680  865 7042 2248 3289 1520 
 857 2823 2682 4014 1516 3312 2053 
1376 4474 2988 3526 1553 5029 1292 
 548 2746  269  860 3182 3924 4027 

September
 584 1044 1334 1253  869  797 1969 
 540 2893 1070 1820  663 2507 1215 
 964 2401 1340 1475 1268 2270  806 
 779 3451 1026 1747 1334 2667 1496 
1219 2877 

October
          1255 1804  500 2304  292 
 173 3990  959 1778  994 1318  679 
1027 1588 1124 1647  746 1192 1050 
 861 3200 1213 3304  896 1458  538 
 129 1490 2238 1976  552 

November
                         2976 1428 
1046 2364 2892 1073 3086 2868 1639 
 880 4491 1712 3392 1556 3071 1329 
 978 3079 1603 4983 1046 3551 3924 
1281 3981 1524 2595 3627 5409 1724 

December
 638 2193 1144 2003  298 2048 2106 
 531 2831 1105 1751 1324 2798 1296 
 814 2869 1406 1772 1227 2122  650 
 642 3885 1362 2016 1531 2747 1538 
1017 3007 1071 

total:696642, avg:1908.61, min:108, max:9266, zero:0
Found 696642 solutions after 2205.1s