> ./puzzle-a-day.py -p guanglu -s set2 -y 2026 --procs=16

🟫🟫🟫🟫🟫🟫⬛
🟫🟫🟫🟫🟫🟫⬛
🟫🟫🟫🟫🟫🟫🟫
🟫🟫🟫🟫🟫🟫🟫
🟫🟫🟫🟫🟫🟫🟫
🟫🟫🟫🟫🟫🟫🟫
🟫🟫🟫🟫🟫🟫🟫
⬛⬛⬛⬛🟫🟫🟫

🟪🟪⬛ 🟦⬛⬛ 🟩🟩🟩 🟨⬛🟨 🟧🟧⬛ 🟥🟥⬛ 🟫⬛⬛ ⬜⬛⬛ 🟪🟪🟪
🟪🟪⬛ 🟦⬛⬛ 🟩⬛⬛ 🟨🟨🟨 ⬛🟧⬛ 🟥⬛⬛ 🟫🟫⬛ ⬜⬜⬛ ⬛🟪⬛
🟪🟪⬛ 🟦🟦⬛ 🟩⬛⬛ ⬛⬛⬛ ⬛🟧🟧 🟥⬛⬛ 🟫🟫⬛ ⬛⬜⬛ ⬛🟪⬛
⬛⬛⬛ 🟦⬛⬛ ⬛⬛⬛ ⬛⬛⬛ ⬛🟧⬛ 🟥⬛⬛ ⬛⬛⬛ ⬛⬜⬛ ⬛⬛⬛


January
                109   82   56  113 
  16   48  156   62   86   78  126 
  23  120   70   73  104   58  149 
  55  165   80  104  124   57  193 
  68  169  188  165   54   19 

February
                                66 
  37   45   79   47   26  160  162 
  29  101   54   40   59   71   85 
  23   70   63   32   55   22   53 
  33   74   92   73   52   60 

March
                                27 
   9   45   62   27   22  157   54 
  20   40   54   23   43   69   56 
  20   67   53   26   47   10   52 
  18   74   73   36   52   45   33 
  13   41 

April
            53   59   54   72   61 
   0   96   95   56   41   45   87 
  19  148   44   45   50   46   72 
  21   69   47   76   50   46   28 
  10   20  123   84 

May
                      52   30   92 
  19   72   57  323   63   38   76 
  24   71  111  117   43   30   73 
  34   52   78   71   38   57   64 
   8   49    2   31  107   40  149 

June
  17  146   81   77   28    8  248 
  29  128  100   53   49   48  106 
  24  118   80   55   84   37   30 
  27  166   99   61   26   26  159 
  57  120 

July
            92   24   32   61   44 
   8  104   72   44   31   21   74 
  24   84   19   49   45   24   56 
  10   68   56   79   39   20   33 
   4   31  116   88   22 

August
                           44  118 
  21  104   61   33  111   80  132 
  31  101   90   82   89   50   67 
  38   97   96  104   46   65  172 
  33   94   38   45   63  130  135 
  33 

September
       53   18  106   37   15   17 
  39   90   42   27   62   26   73 
  32   66   49   52   33   47  111 
  21   77   68   43   69   17   58 
   9  160   44 

October
                 40   44   23   80 
   5   25  129   44   64   27   48 
  16   86   22   25   37   33   60 
  31   81   45   31   80   31   94 
  22   72   95   70   57   18 

November
                                76 
  30   85   91   96   26  187   94 
  35   87  110   78   49  134   93 
  27   80   78   53   70   27   98 
  57   63   90   79   95   66   74 
  28 

December
       66   38   82   56    4   70 
  56  125   75   36   76   36  123 
  17   78   38   61   38   37   61 
  26   63   73   92   94   40   71 
   1  174   58   46 

total:23316, avg:63.88, min:0, max:323, zero:1
Found 23316 solutions after 215.2s