> ./puzzle-a-day.py -p guanglu -s set1 -y 2026 --procs=16

🟫🟫🟫🟫🟫🟫⬛
🟫🟫🟫🟫🟫🟫⬛
🟫🟫🟫🟫🟫🟫🟫
🟫🟫🟫🟫🟫🟫🟫
🟫🟫🟫🟫🟫🟫🟫
🟫🟫🟫🟫🟫🟫🟫
🟫🟫🟫🟫🟫🟫🟫
⬛⬛⬛⬛🟫🟫🟫

🟪🟪⬛ ⬛🟦⬛ 🟩🟩🟩 🟧🟧⬛ 🟨⬛🟨 🟥🟥🟥 🟫⬛⬛ ⬜⬛⬛ 🟪⬛⬛ 🟦🟦⬛
🟪⬛⬛ 🟦🟦⬛ ⬛⬛🟩 ⬛🟧⬛ 🟨🟨🟨 🟥⬛⬛ 🟫🟫⬛ ⬜⬜⬜ 🟪⬛⬛ 🟦🟦⬛
🟪⬛⬛ 🟦⬛⬛ ⬛⬛⬛ ⬛🟧🟧 ⬛⬛⬛ 🟥⬛⬛ ⬛🟫⬛ ⬜⬛⬛ 🟪⬛⬛ 🟦⬛⬛
🟪⬛⬛ 🟦⬛⬛ ⬛⬛⬛ ⬛⬛⬛ ⬛⬛⬛ ⬛⬛⬛ ⬛⬛⬛ ⬛⬛⬛ 🟪⬛⬛ ⬛⬛⬛


January
               2562 3237 1870 2148 
1040 2078 4286 3022 2185 3063 1326 
 873 6358 1776 3468 2181 3624 1568 
1320 5410 1905 3923 3147 2789 2188 
2056 4815 4614 6464 2185 2067 

February
                              2062 
 855 2846 1378 1975  618 4932  979 
 816 2877 1185 1280 1882 2015 1287 
 917 2678 1157 2065 1451 1986 1260 
1222 3185 1441 2535  638 2109 

March
                               264 
 513 1913 1148  709  431 3600  553 
 778 1696  929 1148 1350 1035 1035 
 734 2016  869 1542 1115 1290 1040 
1021 1887 1189 1673  393 1291 1308 
 670 1404 

April
          1124 1369 1047 2471  947 
  97 3823  661 1807  879 1465  691 
 816 2279 1176 1884 1029 1262 1002 
1068 3394 1165 3570 1275 1655  709 
 113 1659 2074 2126 

May
                    1569 2504 1036 
 845 2018 1181 4450 1058 2056  992 
 677 1812 1926 3028 1408 2227 1187 
 744 3175 1754 2353 1223 3904  877 
 389 2054  194  513 2505 2631 2570 

June
 788 4455 2189 1587 2389  975 4751 
 911 3918 1562 2239 1397 2689  944 
1030 4270 2216 1762 1999 2415  850 
1120 6255 1840 2425 2665 2833 2442 
1517 4397 

July
          3218  647 1081 2615 1259 
 328 5466 1455 2816 1060 1810 1012 
1253 2245 1266 1718 1011 1463 1579 
1132 4190 1397 3438 1255 2255  961 
 159 1577 2750 2566  536 

August
                         2021 1795 
 726 4377 1631 1420 3409 3955 1615 
1274 3140 1815 4259 1395 2560 1059 
 866 3014 1826 4821 1130 2741 4263 
1470 3824 1768 2838 3335 5536 1636 
 820 

September
     2214  527 2018  672 1294  438 
1253 1740 1415 1882 1104 1083 1565 
1019 3011 1226 1951  742 2175 1118 
 820 2688 2092 1555  770 1312  810 
 332 4278 1499 

October
               2024 1069  924 1276 
 143  826 2087 1433  873 1399  882 
 442 2989  709 1711 1013 1580  835 
 732 2419  897 2090 1257 1383  990 
1098 2391 2619 3267  927 1186 

November
                              1442 
 914 3715 1081 4422  314 7346 1106 
1029 3371 1842 2228 2543 2767 1924 
1215 4040 1402 3082 1960 3349 1854 
1496 3752 1633 3424  720 3316 3369 
1052 

December
     2706 1161 2176 1185  407 1278 
1362 2351 1276 1686 1064 1725 1706 
1310 2937 1426 2000 1076 2548 1035 
 589 2983 2386 2258  765 1221  724 
 453 5114 1483 2485 

total:690565, avg:1891.96, min:97, max:7346, zero:0
Found 690565 solutions after 2299.1s