> ./puzzle-a-day.py -p guanglu -s set2 -y 2025 --procs=16

🟫🟫🟫🟫🟫⬛
🟫🟫🟫🟫🟫🟫⬛
🟫🟫🟫🟫🟫🟫🟫
🟫🟫🟫🟫🟫🟫🟫
🟫🟫🟫🟫🟫🟫🟫
🟫🟫🟫🟫🟫🟫🟫
🟫🟫🟫🟫🟫🟫🟫
⬛⬛⬛⬛🟫🟫🟫

🟪🟪⬛ 🟦⬛⬛ 🟩🟩🟩 🟨⬛🟨 🟧🟧⬛ 🟥🟥⬛ 🟫⬛⬛ ⬜⬛⬛ 🟪🟪🟪
🟪🟪⬛ 🟦⬛⬛ 🟩⬛⬛ 🟨🟨🟨 ⬛🟧⬛ 🟥⬛⬛ 🟫🟫⬛ ⬜⬜⬛ ⬛🟪⬛
🟪🟪⬛ 🟦🟦⬛ 🟩⬛⬛ ⬛⬛⬛ ⬛🟧🟧 🟥⬛⬛ 🟫🟫⬛ ⬛⬜⬛ ⬛🟪⬛
⬛⬛⬛ 🟦⬛⬛ ⬛⬛⬛ ⬛⬛⬛ ⬛🟧⬛ 🟥⬛⬛ ⬛⬛⬛ ⬛⬜⬛ ⬛⬛⬛


January
           104   88   68   86   85 
  13  270   40   89   60   65  119 
  50  160   64   86  102   64  140 
  26  144  103  120   82   54   83 
   6   66  139  144   59 

February
                           51  119 
  25  108   56   24  111   65   64 
  24   67   65  102   49   44   59 
  16   99   68  102   67   43  169 
  20   84   25   37   67 

March
                            7   57 
  14   63   43   10   75   45   58 
  14   49   57   54   23   33   35 
  20   84   58   66   28   26   98 
  21   64   22   13   35   37   52 
  14 

April
       61   39   56   56   23    2 
  56   92   56   43   47   46   39 
  70   69   47   42   38   39   72 
  27   76   81   61   80   18   53 
  11  161   48 

May
                 69   35   38   80 
  21   34  158   98   59   53   82 
  15   95   28   83   33   29   80 
  18  111   57   87   73   42  122 
  28   84  137  148   36   17 

June
                                92 
  35  112   74   43   36  220  171 
  37  127   75   86   91  121  120 
  28  105   80   73   54    6  112 
  43  133  105   94   41   88   94 
  27 

July
      206   13   41   60   24   23 
  41  102   48   51   31   33   57 
  20   26   47   40   39   25   64 
  30   78   92   63   65   22   67 
   4  184   57   34 

August
                      44   60   55 
  38   72   61  215  106   82  115 
  28   98   89  146   58   51   95 
  21  104   89   59   61   77   55 
  16   36   17   25  145   70  151 

September
   9   32   77   47   11    8  167 
   9   63   49   46   28   44   86 
  19   48   42   56   42   48   51 
  26   95   46   50   30   32   97 
  47   67 

October
            52   27   29   60   27 
   3  133   58   39   30   23  103 
  25   61   44   39   31   33   76 
  16   70   47   74   37   27   75 
   4   50   94   69   22 

November
                           63   72 
  33   72  117   16   95   70  107 
  25  100   94   81   75   64   84 
  32   97   87  148   43   72  146 
  28   92   44   46   64  145   96 

December
  16   63   86   78   13   22  150 
  16  128   37   77   46   62   96 
  18   90   58   81  103   34   39 
  14  105   30   63   45   33   99 
  33  112   74 

total:23271, avg:63.76, min:2, max:270, zero:0
Found 23271 solutions after 204.9s